SAMN02585201 SAMN02585201 0.0308217 -0.182887 0.281528 -0.168768 -0.0285501 0.0334418 -0.0355572 -0.0375359 0.00689334 0.00562133 -0.0231686 -0.0475859 0.0242447 -0.000953502 0.00295448 0.0582388 0.0124075 0.0464249 -0.000842587 -0.011269
SAMN02585156 SAMN02585156 -0.0822374 -0.00901105 0.00651715 0.0037719 0.00519828 -0.00972121 0.0178442 0.0184029 -0.0321654 -0.00133315 -0.000766418 0.041293 -0.0928575 -0.0154587 -0.0127034 -0.510596 0.0945621 0.030414 0.0861683 -0.0248375
SAMN02585195 SAMN02585195 0.0158818 -0.149908 0.229439 -0.139129 -0.0152896 0.024901 -0.0381768 -0.0352576 0.00245715 0.00493266 -0.0190838 -0.0252072 0.00382784 -0.0073112 0.000556915 -0.0286359 0.0157664 0.0474706 0.00800206 0.0207387
SAMN02585203 SAMN02585203 0.0320386 -0.182751 0.277287 -0.17058 -0.0268141 0.0305018 -0.0362118 -0.0423118 0.00966796 0.0049737 -0.0242399 -0.0523822 0.0227092 -0.00488569 0.00445167 0.0547954 0.0161838 0.0425628 0.00411169 -0.014742
SAMN02585192 SAMN02585192 0.0160032 -0.14479 0.213295 -0.133933 -0.0168686 0.0288516 -0.0349886 -0.0346439 0.0150304 0.00618905 -0.0133315 -0.0377756 -0.00575426 0.00318835 -0.00438867 -0.0297382 0.0139742 0.0453973 0.0120168 0.0194202
SAMN02585196 SAMN02585196 0.00811604 -0.12487 0.188374 -0.116604 -0.0171955 0.0215791 -0.0323548 -0.0292326 0.00370996 0.0096557 -0.0138909 -0.0334303 -0.00770116 -0.00093957 0.000115611 -0.0348821 -0.0102718 0.029727 0.00876225 0.00229573
SAMN02585159 SAMN02585159 -0.0861511 -0.0106289 0.00561202 -0.000648257 0.00955157 -0.00680991 0.0221229 0.0115721 -0.0319228 -0.00120373 -0.00230754 0.0478173 -0.0944031 -0.0108979 -0.0157105 -0.549654 0.126218 0.0191655 0.103447 -0.0187517
SAMN02585158 SAMN02585158 -0.0840707 -0.0113412 0.00887516 -0.000346038 0.0130717 -0.00810404 0.0183715 0.0105285 -0.0276604 0.00568457 -0.00861843 0.0534344 -0.0888835 -0.0190115 -0.0228549 -0.509788 0.129095 0.0234544 0.0893976 -0.00763557
SAMN02585191 SAMN02585191 0.0214601 -0.16104 0.240718 -0.145959 -0.0199097 0.0288773 -0.0459151 -0.0409269 0.00634422 0.00646907 -0.0206344 -0.036839 0.00120998 -0.00635846 0.000151974 -0.0219577 0.0112868 0.0535304 0.0108665 0.0183766
SAMN03323673 SAMN03323673 0.0341539 -0.0193662 -0.0241432 0.0198711 0.0572998 -0.064352 0.116168 0.12903 -0.114061 -0.0607547 0.291195 -0.325764 0.112827 0.0465123 0.0118114 -0.00385032 0.0906131 0.00546016 0.00965526 -0.00698501
SAMN04209256 SAMN04209256 -0.315718 0.0100938 -0.0102954 0.00311695 -0.000247095 4.37672e-05 -0.0143153 -0.00510688 0.0123933 -0.00488904 -0.00235218 -0.0141698 0.0260037 0.00427825 0.00675721 0.113243 -0.0420011 -0.0306654 0.37564 0.0285809
SAMN03801660 SAMN03801660 0.0322454 -0.0130934 -0.0101278 0.0147771 0.0401195 -0.0411124 0.0578244 0.0671085 -0.0675979 -0.0239914 0.112141 -0.108404 0.0161783 0.0056566 -0.00116722 -0.0131097 -0.0345768 -0.0135583 -0.0146653 0.0141114
SAMN03801650 SAMN03801650 0.0344061 -0.00939434 -0.0766449 -0.056465 -0.0255853 -0.00666683 0.00296192 0.00329403 0.00677023 -0.00195255 0.0178336 0.0470153 -0.241323 0.331794 0.00797398 0.081633 0.0902506 0.0330984 0.00244978 -0.0279224
SAMN04908307 SAMN04908307 0.0284812 -0.00967773 -0.073307 -0.0516794 -0.0157112 -0.00348649 0.00759947 0.00195785 0.00579076 -0.0111618 0.0245373 0.0485611 -0.230562 0.334147 0.00937839 0.0592032 0.0657292 0.0171471 0.0072303 -0.0110314
SAMN04908311 SAMN04908311 0.0305526 -0.0223647 -0.0667014 -0.0414685 -0.0116581 -0.0104774 0.0115662 -0.0013388 -0.00164114 -0.016089 0.0217867 0.050822 -0.224723 0.319586 0.0130714 0.049425 0.0614816 0.0153124 0.00442997 -0.00690429
SAMEA104091563 SAMEA104091563 -0.326923 0.0104108 -0.011972 0.00400522 -0.00233889 0.00700852 -0.0119441 -0.0060486 0.0123362 -0.00279218 -0.00250319 -0.0152754 0.0313529 0.0069477 0.00422183 0.108954 -0.0244294 -0.0412817 0.317529 0.0206112
SAMEA104091561 SAMEA104091561 0.0326341 -0.0163296 -0.0468273 0.0355718 0.102845 -0.118234 0.276603 -0.421667 0.0531214 0.0559703 -0.0361389 -0.0226084 0.0641745 -0.00111677 0.00798353 0.00780333 0.021645 0.0126132 0.00775562 -0.0229175
SAMEA2417016 SAMEA2417016 0.0427627 -0.00404518 -0.0274225 0.0331222 0.0453002 -0.0560865 0.0269616 0.0816756 -0.0569811 -0.0567857 -0.159473 -0.0255658 -0.00769791 -0.0404634 -0.352391 0.0415742 0.0346238 0.00846834 0.0137187 -0.0225867
SAMEA104091564 SAMEA104091564 -0.330825 0.0155311 -0.0171404 0.00362766 -0.00569761 0.00243646 -0.0101454 -0.00613174 0.00826273 -0.00920365 -0.000339579 -0.0176569 0.0254525 0.0055618 0.011966 0.115878 -0.0503271 -0.0258147 0.331206 0.00903316
SAMEA104091567 SAMEA104091567 0.0242716 -0.00292902 -0.00421366 0.0175839 0.0241204 -0.0326927 0.0349191 0.0374423 -0.0351377 -0.0172871 0.0336714 0.0158517 -0.0739783 -0.0136559 0.016937 -0.0441966 -0.378519 0.0858998 0.000705593 -0.14683
